254799631161
254718693484
254774275991
254724405026
254750357765
254741641200
254111740565
254714176744
254724352807
254100540896
254757777628
254727260260
254769842330
254724405086
254743822150
254798167273
254727952224
254727260260
254707814361
254722736841
254790525906
254768616701
254769299925
254111872131
254713151319
254768784333
254742015947
254716830812
254798989533
254746029983
254757017300
254114500274
254748643100
254725784279
254706878860
254799620275
254705078825
254757725580
254728547049
254713901218
254796376940
254708755918
254742311682
254724581069
254723463676
254751156385
254711875815
254714112482
254113508606
254721783296
254786435953
254715040195
254739717405
254786528919
254795191948
254706401254
254715764887
254714078783
254797961617
254794895886
254796600463
2541110674923
254793749322
254715120270
254708444457
254745226094
254706729983
254799494143
254114027015
254714706434
254100451471
254111755787
254727633579
254769202918
254790731091
254717725626
254742572397
254708884552
254769339036
254745842506
254782583977
254793775434
254740904132
254778041293
254796375172
254722759322
254700402203
254714591990
254791338887
254795045462
254746249180
254718376756
254707686560
254794982399
254701799336
254770796870
254768535222
254724954258
25472252415
254746472762
254708471757
254756279276
254795881358
254741760748
254706252962
254754197200
254792016069
254775029580
2541112129139
254702155174
254700555985
254739632567
254740839502
254740799150
254790396074
254799082738
254718462440
254758616601
254768680611
254704823015
254769639517
254706615031
25472649582
254707298231
254740315937
254768966563
254717824286
254740710102
254701511448
254724736515
254781721118
254768972419
254700307596
254717840154
254723558905
254768945358
254742195637
254712775457
254718833758
254748750023
254758612668
2541112425067
254111809332
254719702084
254754484856
254798635033
254796935987
254762574212
254796835043
254770687738
254757245499
254790868294
254725774149
254719408098
254740472727
254795339542
254705098927
254722717401
254716343802
254714520249
254751637173
254710472200
254790530329
254728860331
254721943554
254748682268
254111015555
254112584557
254701497259
254716755857
254776613651
254791880100
