706258382
740581602
741621953
755616660
795388497
729692840
115184901
795060105
714026108
770728765
707819749
745333263
112129239
716343802
711141362
708308584
708566600
199451311
706258382
708708612
798401062
115033216
705899735
793797842
717586173
706249550
704775676
715132937
701520695
743101358
704996673
722413636
113253262
790722429
758266633
708566800
712900049
703740721
703982099
716553402
748900407
723075054
716343802
746841964
719592064
723763526
746309016
768170390
713487587
748518334
708708612
704303067
110872120
763170390
741611414
723745307
112584557
797349904
790380093
759571388
110872125
729307185
742749797
796271612
794533122
714709026
745249292
794274556
796459707
712067969
797349904
718693484
790823578
799295522
796175936
768868212
701424917
713090406
741244658
112494078
716131937
114613844
769032013
798299857
723826996
718693484
746406860
795191948
700176535
713250120
757470992
716131937
790232068
797235541
719361285
796800688
757452700
748879885
712251499
703482099
712251499
103691268
757432700
762601206
716131937
753441618
762601206
717586143
718199447
792474945
711390479
738369871
799082738
