254706258382
254740581602
254741621953
254755616660
254795388497
254729692840
254115184901
254795060105
254714026108
254770728765
254707819749
254745333263
254112129239
254716343802
254711141362
254708308584
254708566600
254199451311
254706258382
254708708612
254798401062
254115033216
254705899735
254793797842
254717586173
254706249550
254704775676
254715132937
254701520695
254743101358
254704996673
254722413636
254113253262
254790722429
254758266633
254708566800
254712900049
254703740721
254703982099
254716553402
254748900407
254723075054
254716343802
254746841964
254719592064
254723763526
254746309016
254768170390
254713487587
254748518334
254708708612
254704303067
254110872120
254763170390
254741611414
254723745307
254112584557
254797349904
254790380093
254759571388
254110872125
254729307185
254742749797
254796271612
254794533122
254714709026
254745249292
254794274556
254796459707
254712067969
254797349904
254718693484
254790823578
254799295522
254796175936
254768868212
254701424917
254713090406
254741244658
254112494078
254716131937
254114613844
254769032013
254798299857
254723826996
254718693484
254746406860
254795191948
254700176535
254713250120
254757470992
254716131937
254790232068
254797235541
254719361285
254796800688
254757452700
254748879885
254712251499
254703482099
254712251499
254103691268
254757432700
254762601206
254716131937
254753441618
254762601206
254717586143
254718199447
254792474945
254711390479
254738369871
254799082738