254742961339
254725689344
254714808053
254700000100
254735594787
254738151401
254732336912
254779088279
254759523784
254796463000
254740212045
254707391915
254750260351
254722794467
254115050134
254742101908
254712450877
254719367641
254708735835
254769402290
254707074937
254791813265
254748153576
254717144114
254738151401
254732336912
254796463000
254759523784
254707391915
254750260351
254722794467
254115050134
254740212045
254739530897
254720340199
254718510656
254719815374
254725301895
254793705410
254742182460
254728738697
254715196043
254796063824
254757437002
254771352641
254713097876
254728716813
254746083257
254706496030
254720785913
254745361854
254772164437
254798640819
254738021116
254707752846
254706830167
254779025478
254757928066
254710943576
254794391015
254743481177
254796036584
254707541965
254703629378
254759425382
254745925811
254715620715
254771528074
254729081510
254723092965
254710292027
254712675612
254725701110
254795217065
254723726377
254756373242
254725795823
254737846854
254704883120
254717153169
254744751204
254703272360
254728478430
254792033211
254797506366
254790674661
254797837311
254741460454
254702909645
254728932301
254773502400
254715121182
254758162178
254716111962
254749861183
254707461516
254725913027
254794517683
254794587442
254792493683
254711761536
254705453137
254790752920
254746761948
254759284767
254728481741
254721463275
254791654964
254790487153
254771957814
254759178316
254725467638
254798407752
254764327051
254710732075
254745492030
254710450814
254790389732
254717625491
254728183366
254703429742
254795329559
254779820477
254792265618
254793835467
254740558527
254764328660
254717218469
254713412482
254738114765
254798205516
254743256187
254742156316
254727821815
254731457074
254703615987
254748403246
254768725369
254789462145
254751931752
254775654567
254729632183
254752140750
254719617529
254736292361
254715478322
254712543028
254741916753
254736564122
254706048342
254795417273
254778271108
254757448532
254753947065
254712743074
254794265962
254715736448
254778600927
254718569417
254740713816
254705173275
254722568393
254743859736
254709362185
254709615846
254703958527
254789561297
254790183920
254716951327
254757562981
254715193085
254763519142
254736874592
254707569371
254727362189
254728927453
254704027635
254793528706
254703856091
254758921273
254718482047
254789520138
254758138756
254737481239
254753147261
254756749231
254758271514
254728576924
254789105763
254798904726
254753928144
254717431076
254774157952
254718961397
254768195839
254729638547
254798115823
254701123873
254736718234
254714361924
254769539412
254749273128
254704295718
254753401283
254717530569
254725193081
254752720894
254794621358
254703598174
254747926158
254716714085
254709315814
254714569204
254763825012
254756193784
254745236570
254768236715
254727962871
254789432157
254789561243
254735102164
254702739127
254796183207
254712836421
254747021134
254741532738
254711805472
254793048167
254729832167
254754239176
254712836421
254747021134
254789652472
254733512924
254729563817
254704758213
254764325101
254742365215
254789428753
254715241378
254794261152
254746215073
254703945826
254729512093
254707894215
254793214876
254732168473
254796213982
254708937462
254712936457
254702345182
254739125863
254764538472
254759813264
254726173648
254707348392
254756148173
254753289064
254716278016
254798439817
254737482619
254729421759
254748374869
254735162948
254793521074
254763419827
254717941275
254719438291
254768145309
254795214869
254707854321
254708736495
254718397516
254719025397
254721514278
254731583017
254740123579
254758936214
254748516327
254757214369
254793827142
254738152439
254761472819
254712836451
254737251496
254764125378
254758947621
254715482935
254745123896
254724123579
254768519342
254726184937
254729617348
254768124375
254793145827
254743219758
254735482971
254743251987
254726375819
254761254123
254739283756
254793275198
254712745126
254768152437
254758174962
254729512743
254754163827
254793827169
254712451267
254734521398
254718374512
254768217345
254712468291
254739421785
254715236478
254723519847
254746218349
254735194862
254718927451
254736124375
254768437215
254738215674
254723519847
254732145987
254748512637
254739281674
254749217634
254768213459
254738527148
254758217341
254748215963
254789217452
254759127845
254716452193
254734152893
254759182345
254762487931
254763428512
254758923514
254716421345
254731462178
254756124378
254716278463
254729351278
254723615478
254764129387
254718743218
254728451934
254729437514
254768297134
254738217548
254793174819
254748293614
254735142678
254719351478
254731546278
254759183254
254719635278
254793215478
254762514879
254716237485
254754367194
254735174823
254713251948
254728471956
254768451297
254712346518
254723617458
254734571298
254768143258
254742915623
254734527148
254743612578
254726512943
254735418765
254718461237
254723641958
254736251497
254719348216
254724173518
254713521489
254735217493
254762195348
254729613524
254715431286
254716134587
254718491637
254719213645
254738217495
254723615489
254731254879
254748921354
254762145378
254743528964
254718621754
254719815437
254748213945
254761327814
254759417385
254768135487
254728945173
254748917385
254743621478
254736215347
254754193625