254705295999
254721235778
254721449841
254112046523
254112085589
254700431057
254701708973
254702343536
254703284151
254705269384
254708275836
254710361477
254711584995
254711810571
254711988050
254713333300
254715605277
254716452942
254718582803
254719572231
254719630008
254721228658
254721845949
254722495746
254722545546
254725273110
254726222290
254727163845
254728240752
254729400618
254731900010
254732870030
254733855667
254735008651
254743720459
254746783230
254768132702
254768448903
254790786242
254792716219
254793282452
254796570053
254796596060