254745787487
254706299020
254741178450
254783596567
254797921698
254714082283
254789696556
254768276901
254746554245
254724831210
254794730892
254708506842
254791288667
254719531290
254769760460
254779642176
254110944796
254789696556
254714082283
254797921698
254783596567
254741178450
254706299020
254745787487
254791288667
254708506842
254794730892
254724831210
254746554245
254768276901
254107847178
254769411248
254100726439
254101151876
254101278399
254104853033
254105168305
254107832297
254110032671
254110070560
254110486241
254110506528
254110643725
254110695810
254111222052
254111250188
254111254835
254111289210
254111593751
254111607518
254111635658
254111764096
254111846561
254111920010
254111958204
254112170655
254112567662
254112652752
254112713070
254112767467
254112769812
254112800462
254113231480
254113240695
254113325992
254113400789
254113611992
254113754930
254113903978
254114132676
254114200649
254114512491
254114561501
254114575772
254114587293
254114745379
254115027171
254115199770
254115274936
254115277087
254115338482
254115523130
254115771013
254115780562
254202533476
254700036288
254700051773
254700120116
254700128839
254700269360
254700399593
254700506582
254700528163
254700555523
254700611296
254701085745
254701088334
254701197759
254701219609
254701228966
254701315228
254701370485
254701467401
254701729900
254701838690
254702192659
254702320254
254702401891
254702495084
254702833751
254703110996
254703209941
254703552982
254703576876
254703603110
254703609262
254703626374
254704038775
254704172027
254704595534
254704607616
254704998172
254705036698
254705146863
254705200170
254705203055
254705661787
254705690436
254705753666
254705770640
254705878733
254705923263
254706074338
254706101096
254706103000
254706106130
254706246645
254706252763
254706256140
254706444281
254706446837
254706463654
254706493656
254706537417
254706991937
254707052726
254707065115
254707197314
254707254130
254707484886
254707515558
254707558095
254707608822
254707677150
254707728735
254707917793
254708021200
254708051603
254708052532
254708060810
254708211067
254708363522
254708378044
254708419924
254708487549
254708639033
254708752761
254708779045
254708899131
254708931275
254710152496
254710203466
254710209393
254710225248
254710376447
254710626378
254710709933
254710732081
254711220895
254711265535
254711319359
254711470120
254711484343
254711537254
254711619768
254711843230
254711925405
254712072401
254712290899
254712507384
254712774334
254713004221
254713228324
254713286297
254713502332
254713660327
254713699784
254713965552
254714099118
254714128629
254714138062
254714244366
254714250038
254714408799
254714747231
254714802982
254714893500
254715029630
254715164679
254715301706
254715333522
254715446070
254715692125
254715757445
254715776009
254716227826
254716301774
254716318743
254716503548
254716510207
254716588636
254716931752
254717244403
254717382028
254717413558
254717723516
254717769329
254718089416
254718238268
254718492299
254718551397
254718677978
254718706838
254719219063
254719397135
254719455197
254719483323
254719531290
254719644479
254719768660
254720234517
254720352257
254720357595
254720565422
254720615291
254720955034
254721344682
254721400795
254721584219
254721621205
254721847128
254722136702
254722215764
254722320986
254722354800
254722716078
254722771163
254722960975
254723101487
254723524172
254723672193
254724303264
254724404445
254724598946
254724654276
254724808629
254725512482
254725772627
254726166943
254726350009
254726451679
254726761796
254727288417
254727540937
254727872330
254728385907
254728621926
254728728979
254729408251
254729791537
254729927160
254731445951
254731469684
254734328879
254734734680
254735514456
254736434847
254738430228
254738485717
254738609474
254738705464
254739386219
254740111012
254740405469
254740466295
254740508581
254740550634
254740572617
254740753100
254740764426
254741080548
254741091661
254741203457
254741279049
254741365208
254741512871
254741715966
254741846956
254742007544
254742011168
254742017209
254742155622
254742156134
254742332937
254742453287
254742664498
254742671582
254742679245
254742731858
254742771316
254743055783
254743063100
254743115848
254743122790
254743202519
254743207947
254743223235
254743291358
254743318725
254743578434
254743620507
254743673660
254743864282
254743907968
254743932555
254743934236
254743965671
254745481561
254745547044
254745700178
254745758790
254745764368
254745785317
254745969987
254746003536
254746049270
254746220210
254746243584
254746271236
254746428839
254746445198
254746476669
254746487126
254746575079
254746751723
254746797047
254746905309
254746986433
254748065020
254748229341
254748413737
254748475341
254748516970
254748625330
254748708055
254748709688
254750987900
254752272449
254752594184
254754207205
254754367183
254755444780
254756567669
254757276428
254757385501
254757450727
254757757155
254757766967
254757836749
254758131665
254758132658
254758207143
254758603519
254758615145
254758664427
254758670037
254758750620
254758879846
254758893360
254758893680
254759451249
254759576601
254759638946
254759686765
254759792595
254759835832
254759942601
254762481905
254768014559
254768112158
254768133220
254768175613
254768529207
254768634964
254768736653
