254111216533
254797649768
254798873501
254112011897
254112100378
254112503079
254703812429
254741674466
254111560781
254792360716
254110524426
254103487402
254798654423
254791899783
254708745064
254719531290
254717291065
254793767200
254729544650
254100738051
254717305214
254758951689
254723378667
254792360716
254741674466
254703812429
254112100378
254797649768
254798873501
254112011897
254708745064
254791899783
254798654423
254103487402
254110524426
254111216533
254111560781
254112503079
254114280516
254115167863
254700339174
254700362004
254700547907
254702579097
254703184514
254703483898
254703866610
254704250080
254705375277
254705847355
254706159830
254706370888
254708214582
254708414704
254708926792
254708939645
254712696464
254713189603
254714478086
254715164679
254716252913
254716397788
254717282932
254717588898
254724530004
254736145988
254740576086
254740942110
254741361363
254741557956
254741719984
254742220296
254745030446
254745058865
254745222955
254745835497
254746511844
254746569079
254753783226
254769231495
254769848012
254776808883
254786623534
254786886519
254790510205
254791621594
254792212086
254792901913
254793386134
254793743772
254794212416
254794226472
254794730667
254794807312
254797118313
254798241003
254798296929
254798609842
254798691318
254717291065
254708745064
