254714082283
254790688059
254792469173
254705576641
254737429452
254728671301
254742451048
254729062347
254742979887
254705901116
254719531290
254779642176
254110944796
254703882818
254727624507
254757657268
254707799948
254703707287
254789696556
254707726364
254704128459
254714082283
254742979887
254705901116
254792469173
254728671301
254790688059
254742451048
254729062347
254705576641
254737429452
254703882818
254727624507
254757657268
254707799948
254703707287
254789696556
254707726364
254704128459
254714444593
254714447689
254714513026
254714540912
254714570111
254714651613
254714691909
254714714405
254714746702
254714948347
254715154170
254715173304
254715229094
254715373317
254715776009
254716100335
254716146705
254716293710
254716340285
254716357300
254716394611
254716588636
254716624050
254716760469
254716785166
254716931752
254716940489
254717002320
254717005732
254717005890
254717105986
254717181703
254717199566
254717215855
254717244403
254717259846
254717413558
254717477906
254717550756
254717600652
254717731143
254717769329
254717867180
254717933697
254718007324
254718082599
254718089416
254718103363
254718135566
254718177112
254718278124
254718281110
254718381934
254718706838
254718776401
254718930255
254718982815
254719126893
254719219063
254719254550
254719270976
254719278814
254719385343
254719566102
254719593249
254720234517
254720346818
254720515091
254720693432
254720760483
254720807532
254720893172
254721153160
254721469337
254721505634
254721548569
254721584219
254721627675
254721820876
254722171239
254722344864
254722539292
254722649199
254722729977
254722907130
254723013562
254723020979
254723101487
254723154379
254723159020
254723505994
254723552611
254723600183
254723901950
254723963773
254724108385
254724226334
254724289098
254724335862
254724377683
254724502476
254724541407
254724544791
254724554147
254724576291
254724685059
254724808629
254724828197
254724871158
254724934024
254724962477
254725279613
254725299509
254725547867
254725576431
254725614319
254725650067
254725700160
254725772627
254725813261
254725904899
254725945079
254726122958
254726155405
254726350009
254726370013
254726379844
254726414200
254726447462
254726456186
254726474676
254726480198
254726558687
254726621246
254726645622
254726654242
254726707385
254726711982
254726752478
254726979973
254727083418
254727334558
254727431064
254727501860
254727647973
254727905523
254727953784
254727964159
254728452794
254728495194
254728710788
254728729842
254728887580
254729146562
254729292970
254729329931
254729545572
254729632968
254729682660
254729759333
254729791537
254731045369
254732908889
254733495273
254735693852
254736434847
254736792914
254737638804
254738430228
254739641169
254739986602
254740250240
254740550634
254740579746
254740624619
254740632579
254740700076
254740750403
254740826716
254740918285
254740924406
254740946326
254740953047
254741652843
254741660161
254741715966
254741727406
254741751815
254741775492
254742017209
254742038161
254742195920
254742278238
254742411393
254742421351
254742734120
254742877831
254742942435
254742951360
254743343329
254743520021
254743553289
254743569858
254743633205
254743744021
254743747588
254743864282
254743898677
254743934981
254745032454
254745239739
254745338583
254745383067
254745475234
254745584406
254745617024
254745701417
254745779661
254745898725
254745959552
254745971133
254745991004
254746003536
254746131450
254746229305
254746244453
254746293708
254746305365
254746365629
254746476669
254746748737
254746749765
254746800208
254746986433
254748318032
254748491540
254748516970
254748644463
254748708055
254748771438
254748815593
254748875966
254750526431
254750871626
254750932448
254750987900
254753015848
254753560000
254754207205
254754748612
254755188420
254755520466
254755913175
254757276428
254757385501
254757492066
254757664840
254757753391
254757757155
254758004225
254758072979
254758333966
254758371766
254758507879
254758893680
254758982500
254758987285
254759515664
254759528799
254759548159
254759576723
254759686765
254759795655
254759894217
254759935152
254762481905
254762977933
254763698154
254768051076
254768058834
254768228055
254768299380
254768337925
254768529207
254768630497
254768656107
254768673321
254768793923
254768832306
254769784198
254769989210
254770361440
254770784203
254771140907
254771343644
254773399445
254774102550
254704128459
254707726364
254789696556
254703707287
254707799948
254757657268
254727624507
254703882818
