254703882818
254727624507
254757657268
254707799948
254703707287
254707726364
254704128459
254714082283
254742979887
254707726364
254707726364
254703707287
254703707287
254707799948
254707799948
254757657268
254757657268
254727624507
254727624507
254703882818
254703882818
254728671301
254728671301
254792469173
254792469173
254705901116
254705901116
254742979887
254742979887
254714082283
254714082283
254704128459
254704128459
254729062347
254729062347
254742451048
254742451048
254790688059
254790688059
254703882818
254704128459
254737429452
254705901116
254742979887
254705576641
254705576641
254742979887
254742451048
254714082283
254714082283
254704128459
254704128459
254707726364
254707726364
254703707287
254703707287
254707799948
254707799948
254757657268
254757657268
254727624507
254727624507
254703882818
254703882818
254798105197
254798490107
254799013845
254798368684
254798652257
254797900350
254799001541
254797889117
254798550999
254797877563
254798306373
254798347049
254789696556
254703707287
254707799948
254757657268
254727624507
254703882818
254792469173
254705901116
254742979887
254714082283
254704128459
254707726364
254704128459
254707726364
254789696556
254703707287
254707799948
254757657268
254727624507
254703882818


