254113497327
254113888744
254114677971
254115229778
254115687522
254700830657
254115811271
254701394673
254702099865
254702612662
254703843177
254703890025
254704132214
254704800111
254704889388
254704934907
254705589973
254705441654
254705589973
254706272288
254706356416
254707645502
254708265499
254708540405
254708797445
254708826010
254708874124
254711489293
254714079625
254716815443
254716840610
254719404298
254720611322
254721325182
254722114521
254723892235
254724228990
254724310653
254724808380
254728333286
254728383242
254738489839
254738767021
254740464295
254740504734
254740635069
254740756397
254741673682
254742341322
254742408883
254742717452
254743345225
254743359074
254743863430
254745187680
254745413814
254745503913
254745973518
254746052320
254747209779
254748641782
254757750607
254758501599
254759088623
254759138755
254759247344
254759454671
254762103563
254768023618
254768395187
254768809661
254768730214
254769787488
254773010554
254774106900
254786648952
254790675916
254790767492
254791260120
254791280942
254791322050
254791406065
254794063839
254794177332
254794226158
254794620173
254794829697
254795783745
254795834227
254796740342
254797344999
254799695743
