254792392356
254758184846
254769161924
254114926081
254768347280
254703507393
254703507393
254709312071
254797631238
254719410833
254764077255
254720991176
254791357926
254708444452
254795627987
254718672145
254758165199
254799263025
254751933759
254745523690
254782110617
254721619161
254113864209
254742993337
254795837731
254713319038
254720033490
254748100512
254707621154
254701843858
254796508637
254791085968
254101423230
254720968105
254700064040
254707909817
254114084774
254796058293
254715175315
254745535815
254724628163
254702773231
254773613417
254746163903
254704830967
254769299925
254758092998
254711954058
254745695146
254799471527
254745640984
254757230075
254740472620
254714960013
254716343802
254796526421
254703121182
254759782169
254741460454
254799447257
254798858046
254792958439
254797506326
254773502400
254790674661
254111931585
254777301466
254791084029
254781059756
254791645792
254717291568
254790759125
254795217065
254722382707
254722593176
254705722344
254712462465
254728126355
254703249079
254772460048
254771352641
254719777210
254769817337
254707540570
254790443859
254728132625
254736843694
254743882068
254745764115
254110944796
254736023856
254720830267
254741977868
254729280961
254707521374
254796738320
254721285285
254100880588
254112354463
254728662493
254711702093
254712235293
254797566014
254702076663
254723400288
254701511448
254740710102
254758184846
254746570070
254746570070
254790615707
254721150417
254731878645
254743766106
254722151148
254726281035
254734453370
254727179806
254713097001
254758184846
254746181951
254708185369
254725821762
254748468621
254723061655
254790873560
254717144114
254792261618
254708304400
254768530419
254723220331
254724012959
254776809774
254741069354
254742587156
254726512592
254729704075
254751933759
254706701983
254725777110
254728521868
254724310927
254712100710
254710256380
254758802111
254708236361
254757149112
254754851176
254719255399
254717650563
254718163188
254717067742
254759305894
254713834995
254721128104
254705785913
254797056878
254768965367
254797838749
254742204355
254794561957
254712862697
254711844255
254798954374
254787616833
254735905007
254786194486
254791932569
254797543699
254757366125
254738318502
254745851443
254712004563
254757819644
254712675612
254798991373
254774872401
254712004563
254711564909
254753305719
254783175504
254115401107
254729815102
254723092965
254710292027
254722669610
254721445055
254743040969
254732014605
254798849197
254705567474
254741947252
254746017460
254746017460
254798055905
254743808363
254714261116
254714443317
254733887765
254711145176
254713033141
254725699898
254721265118
254726161560
254714524427
254728920034
254726689503
254705255516
254703911855
254708681427
254704747581
254726598323
254729901973
254769037164
254727476360
254702929833
254722213116
254727529927
254785135591
254741627115
254794624926
254729884239
254708474978
254798404857
254707534949
254700935425
25411232013
254701761424
254716070621
254711846048
254782155762
254748183038
254783271485
254732856785
254729320146
254723001968
254791126559
254721326666
254700111254
254790198753
254712356427
254716307888
254740933282
254718511028
254700391215
254714300261
254714603521
254721466170
254726881756
254734657720
254753621001
254718926364
254703081438
254781647725
254740502274
254792379621
254728176951
254743645876
254742170320
254768312914
254709250151
254771246320
254771031084
254733012897
254718603211
254747056247
254747813356
254749017662
254749318675
254754962050
254711897342
254703261347
254790632448
254706412817
254745128993
254750682470
254740679005
254729086335
254748167288
254711602463
254740679005
254746231734
254739629460
254744622984
254756422960
254740935127
254734660340
254762197133
254741070481
254737424180
254770135564
254710057629
254744668995
254721245033
254732328014
254738417259
254710685132
254700349861
254750514793
254734329417
254743143879
254705212132
254711930172
254703097115
254708212653
254708117127
254711435507
254703752940
254700674537
254734061772
254757920607
254743711635
254718029876
254792546913
254760146541
254730514893
254769341576
254734668795
254745981437
254747261041
254743166754
254760475160
254700391519
254729410072
254723217360
254742614361
254738263982
254720916504
254729067842
254731086430
254723170563
254724015724
254764990521
254743021160
254713260015
254724011619
254718763071
254764831124
254718029610
254741031670
254720417835
254720287675
254718712091
254701840027
254724921633
254737261114
254721918051
254725001527
254710245127
254727485610
254707822376
254756973486
254750602428
254703111315
254738490107
254762820021
254721054692
254744213407
254719381023
254718041172
254737015032
254721650739
254729912501
254708649323
254710153716
254709463265
254761318762
254733010826
254745113870
254709663289
254700365362
254722893472
254744121384
254743607839
254708749625
254740894870
254711071325
254703612496
254701910232
254738223817
254764126737
254712726642
254700732764
254721531409
254752094616
254732206912
254749716251
254758090734
254768314817
254728269317
254728346504
254709591608
254736704025
254752103528
254767245862
254755016179
254707120348
254711196274
254734076102
254707629524
254765671768
