254739740272
254745046021
254783364882
254792057686
254101092935
254104548488
254104949478
254106433447
254111487086
254111657735
254112825824
254113304334
254113901525
254114003185
254114039125
254114161133
254114227794
254114333296
254115441891
254700012889
254700033187
254700345677
254700892224
254701789216
254701816223
254701833519
254702534432
254703519026
254705367839
254705415948
254705871397
254705959986
254706317172
254707266381
254708056500
254708279651
254708584996
254710907209
254711876294
254711950358
254715254250
254715972866
254716468906
254719190287
254721689619
254722637349
254724169195
254726377163
254727519551
254727605350
254728459115
254731225685
254734376564
254734528033
254736264051
254740073324
254740568968
254741721193
254742036555
254742337748
254745615773
254746023970
254746895735
254748342133
254748371711
254748884282
254748909403
254757468430
254757695417
254759488979
254768211625
254768280202
254768586122
254768995009
254769482881
254769760460
254769946960
254771044357
254775571064
254775584817
254775876144
254777889306
254786561076
254787165169
254791035082
254791952123
254792401393
254795174635
254795227303
254795408099
254795580530
254796388795
254797316020
254797434915
254798256454
254798860001
254799237352
254799440582
254799896054