256414231900
254720451803
254745940919
254724844963
254710973921
254716624205
254715956593
254742578781
254722741731
254714110769
254724814888
254720788012
254745940919
254722869530
254721668231
254722140765
254722450432
254723432321
254722561702
254713406979
254721255235
254727654220
254724844963
254723432321
254714425533
254722521492
254702247669
254720628051
254722450106
254704653738
254710815370
254725254253
254710238294
254721637584
254721222828
254722741731
254721725345
254722510046
254786947783
254720788012
254720788012
254724662381
254722302030
254729403562
254720567225
254720557125
254716624205
254725933138
254722415723
254720845042
254717036457
254724704307
254722575196
254724111140
254719671204
254710973921
254727508812
254721280294
254722514888
254722653598
254722719155
254724677073
254725860214
254722769577
254722972248
254722513900
254721779138
254722624684
254729883942
254735311688
254720203201
254722896442
254735494114
254722494114
254722510363
254722273218
254720203097
254794500500
254722513328
254727836884
254722415672
254725234097
254708202222
254707723144
254714110769
254711453162
254717238845
254727509845
254713406979
254722635611
254722766698
254721922135
254722788205
254725988683
254728826000
254710291347
254728608601
254723011199
254722262543
254725069947
254725878595
254722140765
254721244739
254716576378
254722764985
254722450432
254722605820
254722510756
254722582073
254722222784
254722223082
254725513969
254727027937
254721600305
254727043655
254727648777
254715161462
254727815253
254720325939
254722442697
254720451803
254722214930
254704517540
254720248773
254722527694
254707358221
254722756800
254725726821
254721715034
254722788205
254722456672
254722537381
254722994846
254726871329
254721668231
254722869530
254726527438
254722680522
254724764544
254729955233
254720903274
254722833903
254722749473
254728566166
254722361698
254704517540
254758172967
254727466911
254722743518
254722352537
254722329124
254723601449
254725207804
254722101252
254721214718
254723982927
254722346475
254721658501
254726140539
254723445166
254724411504
254728810475
254721669069
254710849905
254722140412
254707323871
254720205762
254722355137
254724798781
254722151687
254723110000
254722514060
254721779138
254729817180
254722732491
254722247503
254722699355
254714790092
254711111311
254722558540
254720822899
254722512010
254722716975
254721695918
254722790555
254715956593
254711870044
254722512548
254746627986
254721217141
254700192871
254716600675
254722561702
254711627212
254722854652
254740521674
254722895939
254722711015
