254798720380
254725639083
254790369490
254703853211
254796672005
254769261450
254742333815
254740951805
254706783982
254711435852
254705573204
254791495648
254725441010
254104677456
254113514423
254114818909
254115094171
254115962880
254701665347
254702835966
365703205196
254703382217
254703551691
254704163140
254704864840
254706441035
254707064692
254707064692
254707481765
254708047583
254708095289
254710765274
254711207433
254712249448
254713203047
254713260619
254713371822
254713517343
254713706920
254714605104
254714766786
254715542740
254715599260
254716912274
254717475524
254717624533
254717775524
254718760491
254720302974
254722480259
254722523799
254723142138
254723980085
254725639083
254726343247
254726620736
254726906664
254727435353
254728474990
254729211291
254729901184
254729938156
254743388185
254745352159
254757074741
254757675009
254758787626
254769589500
254782869134
254790369490
254790406659
254790688340
254790797616
254790888658
254790917462
254791209490
254791363617
254791368244
254791422493
254792032661
254792329434
254792648037
254792739037
254794076235
254794357509
254796213290
254796397236
254796969788
254798798988
254757466289
254723893649
254113773767